code_4dig,code_3dig,invest_x,strategy_x,perform_y
3323,332,7.7838476101,10,2.7782016149
3321,332,8.5044761202,10,3.2012219233
0,339,8.9047358649,10,3.1928486586
3252,325,9.4363117417,10,3.5072291364
3252,325,8.2051660598,10,2.3340927589
0,335,8.5003235528,9,3.9038781563
3273,327,8.9141705397,10,3.8979449776
0,332,7.7709492905,9,3.4990427122
3252,325,8.336066833,10,2.345473534
3262,326,8.2069006455,10,2.7730446759
0,333,7.7716950775,9,1.6777720123
3329,332,8.2042941244,10,4.2066383799
3363,336,8.9015336192,10,2.124698453
3339,333,7.9471818438,10,4.2118682278
0,333,8.1856312918,9,3.4884867736
0,325,8.496116619,10,3.1932150088
3335,333,7.1048532962,10,2.1020289885
3399,339,9.3482608605,10,3.9264177782
3114,311,9.2088441957,10,2.1154080937
3345,334,8.322204281,9,2.9616430093
3371,337,8.9233397278,8,2.4613941708
0,325,8.908288485,10,2.7820182742
0,325,8.910210819,10,2.1026580013
0,334,8.4954509356,10,3.4942606163
3344,334,8.8997353761,9,2.0134642934
3311,331,8.854557013,7,3.9260446055
0,325,8.9228182419,9,3.9180033522
3363,336,7.7561883854,9,2.1200464035
3339,333,8.8991054534,9,3.1918071484
3332,333,8.9262785246,10,3.4978727857
0,0,7.7808427835,10,3.5033223398
3313,331,9.2832296479,10,3.475407833
3359,335,8.9123009886,10,1.8351218501
3359,335,7.1331439979,10,2.7743379337
3372,337,9.5259546274,10,2.7717772927
3363,336,9.6102366801,10,3.8948809935
3335,333,8.9066362271,10,3.5034982037
3252,325,8.493205678,9,3.4956675605
3323,332,9.6146119101,10,4.6205514242
0,322,8.9223631909,10,2.6075300812
3327,332,8.5007197758,10,1.688481492
3361,336,8.8971311733,10,3.4780164312
3222,322,8.9219236919,10,3.4699058968
3363,336,8.4802461297,10,3.1850273126
0,311,8.9044067246,10,3.1821377362
3328,332,8.215783507,10,4.2065045418
3329,332,8.5055585847,10,2.47521143
3363,336,8.9131836193,10,3.486982435
3219,321,8.9181896949,10,3.4847202533
3321,332,8.5041089439,10,3.5001359337
3326,332,9.6274789979,10,3.4864270508
3345,334,7.7564558507,10,2.0961281769
3261,326,8.9108800487,10,2.1036017672
3344,334,8.4951799682,8,0.8266252333
0,332,8.9075053973,9,3.920588562
0,325,8.4800622876,10,3.9435413593
3331,333,7.119349666,10,2.7877181641
3336,333,8.9165912025,9,3.4930760219
3352,335,9.3449320731,9,2.3390254271
3112,311,9.189215746,10,4.2702581773
3259,325,7.1213144594,10,2.1233729227
3345,334,8.3412497007,10,3.4993435505
0,331,8.6913732228,10,3.1961494681
3335,333,8.9143679411,9,2.7745686061
3279,327,8.9278291559,10,3.9170816532
3353,335,8.5020715345,8,3.9409883598
0,313,7.0996490934,10,2.7656080269
3332,333,9.2011071949,10,2.7784439833
3339,333,8.9274026835,7,3.4862371562
3311,331,9.2058144389,10,1.6902763113
3334,333,8.9032162154,10,3.5017358775
3344,334,8.4195194553,10,3.9055155679
3399,339,8.9082694273,10,3.9258556276
3345,334,8.9074913532,8,3.495310318
0,332,8.9200613666,10,2.7732259706
3261,326,8.1993221438,10,4.5253519959
3113,311,8.5029246333,9,3.9183985787
3391,339,8.9069122156,10,3.1748419197
0,333,8.4915306859,9,4.2215561698
0,333,8.9094015254,10,3.4899422327
3363,336,8.8879518217,10,4.5093824641
3222,322,8.508876224,10,1.920804335
3323,332,8.9107764915,10,3.4882955323
3363,336,8.9049769921,10,3.9701489646
3353,335,8.507056273,10,1.3473149953
3335,333,8.6834453632,10,3.9243655555
0,325,7.3246725365,10,3.4836862128
3262,326,8.1876599293,10,3.9093491843
3261,326,7.7779286856,9,2.9700233556
3121,312,8.8971119639,10,3.4885133608
3279,327,9.5167270261,10,2.7684442443
3332,333,8.916095133,10,2.7630451037
3352,335,8.9228744796,10,3.538786696
3212,321,8.9138224936,10,2.1163350704
3279,327,8.9037988049,10,4.5296175228
3329,332,8.9052340996,9,3.493594409
3222,322,8.8958269783,9,2.4581511144
3329,332,8.9098427696,9,2.9627998058
3323,332,8.9160895437,10,2.775165547
3311,331,8.9152831967,10,2.0694860401
3121,312,8.5015590955,10,2.7795767856
0,325,8.9135714294,10,3.334415041
3315,331,8.9191065093,9,2.6146785944
3363,336,8.7210056015,10,3.9008178012
3361,336,8.9143047343,9,0.8304857225
3334,333,9.2137589097,10,2.0174584279
3261,326,9.5097580665,10,2.1148572549
3399,339,8.5028248749,10,3.8886621553
3256,325,9.4944996538,10,3.4919394644
3119,311,8.913220272,10,3.937901666
3329,332,9.3473887531,10,2.7658092424
3333,333,9.5233022468,10,2.613475499
0,325,8.9097115509,10,4.6120372635
3231,323,8.9251625353,7,3.6724031322
3323,332,7.8149178976,10,2.7840237042
3252,325,7.7579872043,10,3.4989938768
0,322,8.6629630547,10,2.9631290993
3262,326,8.1957571889,10,3.5065285714
3379,337,8.3350888489,10,3.1913477249
3323,332,7.1166158215,9,2.4643566077
3321,332,8.9216244026,10,3.908323122
3363,336,9.6007587533,10,3.489592417
3363,336,8.6786844974,8,3.1891489398
3313,331,8.4983229378,9,2.0879040484
3261,326,8.4942976566,10,3.4996504529
3364,336,8.9142429551,10,3.9172978387
3326,332,9.2007153608,9,4.0164963565
3112,311,8.9139620157,10,3.9062276554
3363,336,8.9093727286,10,3.4925885075
3371,337,7.1053856775,9,1.341629113
0,332,8.9078497034,10,4.2031444697
3363,336,8.4890276247,8,4.6293729461
0,0,8.9129374812,9,3.2011527219
3345,334,7.7911045167,10,3.4956848069
3231,323,8.1906535389,9,3.1938576984
3255,325,9.6057015431,10,1.3610083348
3391,339,7.7752865297,10,3.4971919648
3323,332,8.9178576114,10,3.4869308827
3323,332,8.9014942401,8,2.9565141074
0,0,8.9062412064,10,2.6208201791
3335,333,7.7704545274,9,3.4987862181
0,333,8.9229652629,10,2.7748847809
0,322,8.5058139307,10,3.1934506099
0,333,7.1117405923,8,4.5931675847
3363,336,7.775766953,9,3.180804674
0,334,8.1935741708,10,3.50825781
3252,325,8.4660186309,10,2.1071352238
3326,332,8.9155297079,10,4.1966431894
3344,334,8.4962415457,10,2.7801637783
3323,332,8.9255334338,10,3.5336300141
3363,336,9.2804355017,9,2.7844308053
3346,334,9.218980044,10,3.9073060133
3334,333,8.1821665369,9,2.9702035862
0,0,7.7680715822,10,1.3372246842
0,321,9.2013949251,9,4.1296147353
3362,336,8.4857788088,8,3.4906595753
3255,325,8.9091681615,10,2.9670322809
3335,333,8.5097469815,8,3.5023074472
0,332,7.7685284974,9,2.9710723046
0,0,8.9118130776,9,2.7718879916
3371,337,9.606566516,10,3.506225746
0,335,9.211004988,10,4.5937927399
3256,325,9.3426984086,10,3.9034510143
0,337,8.4960005557,10,3.9130569193
3329,332,9.6151046775,10,-0.807770202
3399,339,8.9071278847,10,2.1182972771
0,334,8.1927127135,9,3.1777492534
3344,334,8.9144463138,9,1.0477371972
3313,331,9.6100770923,10,2.9505200895
3353,335,8.9215887171,10,3.2080650336
0,334,7.9709013173,10,3.5045216241
3362,336,8.9028239924,9,3.4856036093
3363,336,8.4932567104,10,2.7710894302
0,337,8.4906282488,10,2.6125484281
3329,332,9.2063266169,10,2.5933740936
0,333,6.072979574,9,3.479751959
3323,332,8.5771343201,10,2.9613647122
3273,327,7.6102879415,9,3.2021054781
3329,332,8.9148215462,10,0.6141057694
3312,331,9.603111732,10,3.6851615776
3323,332,8.1995277462,10,2.115376682
3333,333,8.905435339,10,2.3252958173
3359,335,8.9116057728,8,3.2020309593
3332,333,8.5002385999,10,2.7720097946
0,331,9.512497421,10,3.9146254145
3333,333,7.7865738013,10,2.9564911641
0,0,5.4015806681,10,3.4899085817
3344,334,8.8986738284,10,2.7824141952
3345,334,8.9325210344,10,2.1240997605
0,0,7.9542039389,10,2.7738678062
3339,333,8.5037460092,9,2.1135750734
3334,333,8.916359958,10,2.7715141821
3212,321,9.1986548583,10,2.6235808841
3114,311,8.4806651465,10,2.7831466007
0,322,9.0287778416,10,1.5517489095
0,332,7.1170952679,10,4.6111872875
3333,333,6.3500690442,10,1.6766497039
3255,325,7.1125210431,10,1.2580142091
3333,333,6.902790537,9,2.0956269634
0,337,8.4998027492,10,3.6760879493
3379,337,8.5103082982,10,3.9080310173
3311,331,7.7803477364,10,3.9198465959
3121,312,8.5061207592,10,2.7802892272
3359,335,8.4934319717,10,3.8614390998
3315,331,8.909848168,9,2.5956648981
3344,334,8.9234592785,9,3.2062540443
3342,334,7.7798057064,10,2.9660359711
3221,322,9.6178171249,10,2.9770659134
3231,323,8.9039973589,10,3.4991962719
3364,336,8.5101050906,10,2.0920641786
3329,332,8.5142663017,10,3.4839535898
3399,339,9.2019802427,10,3.9093624151
3323,332,8.5042910584,10,2.1125706644
3334,333,7.9543914448,8,1.6929257951
3363,336,8.9268707284,10,0.0090259201
0,313,8.9138500227,9,3.1919932478
3111,311,9.6092796098,10,3.1967283117
3344,334,8.1902410656,9,2.1278637114
0,334,8.1288787629,9,1.8390652216
3346,334,5.6051118539,9,3.9258324642
3261,326,8.9128830385,10,2.1078797306
3331,333,7.6104795309,10,2.5879937452
0,311,7.754392383,10,3.8962163475
3365,336,8.9165496272,9,4.6244056881
3391,339,9.1818873793,10,3.4834368204
3251,325,8.9340298379,10,3.8999156507
0,333,8.4977074009,9,0.1739726787
3341,334,9.2088419217,10,2.214732813
3259,325,7.7620243737,10,3.4979633423
3329,332,8.2021755053,10,3.9133692136
3399,339,8.1933848053,10,0.8299885129
3345,334,7.7762141195,10,2.1175452153
3334,333,9.2165228222,8,3.9087183482
3326,332,8.2063644672,8,1.9090201905
3113,311,8.1943548695,10,2.775493468
3372,337,8.4828364002,10,2.3457378065
3339,333,7.7873267229,10,2.1027467592
3391,339,8.6960124092,10,2.9578890321
0,325,7.9661156674,10,2.9505213567
3331,333,6.6852425387,8,2.1075495306
3391,339,8.9223577738,10,3.1823242509
3328,332,7.3387877342,10,3.9021879164
0,332,8.8771707405,10,3.6078680914
3261,326,8.9314928187,10,4.5395504494
3252,325,7.7874233892,10,2.7735181418
3345,334,8.5058698927,10,4.2995786584
0,333,7.7999761031,8,2.7665491276
3314,331,9.371954573,10,2.7597876076
3329,332,7.1334835038,10,3.5016263182
3116,311,7.7694944843,10,2.2153748393
3311,331,8.673204646,9,2.7750809926
3334,333,8.1948376813,9,0.8339129027
3321,332,8.913878565,9,2.1095033726
0,0,9.4189300157,10,2.7723587235
3314,331,8.5086454317,10,1.0644382227
3345,334,7.7619421888,10,2.7701569323
0,326,8.9100220393,10,2.3336882678
3345,334,9.2140993257,9,2.756724646
3359,335,7.7632098019,9,2.316041631
3345,334,7.7867253304,10,1.3459993709
3363,336,6.7722462217,10,1.8390042817
3256,325,8.9074721898,10,3.9042622814
3311,331,8.4985994534,10,3.4946965749
3335,333,8.8858728358,8,2.9572747431
0,313,8.2111237838,10,1.3546275265
3391,339,7.7780719815,9,1.1747467795
3231,323,8.2044555008,10,3.1935706928
3359,335,8.9087984445,9,2.7860762408
3256,325,8.902242374,9,3.6855505452
3353,335,8.916502601,7,0.6194729321
3391,339,9.1990045918,10,2.9552148938
3334,333,8.2101233411,10,3.9163773905
3335,333,8.3358386517,8,1.6838079184
3391,339,8.8989994004,10,2.2039987834
3329,332,6.6968609949,10,2.7727980725
3344,334,9.2179777492,10,3.4956058648
3391,339,8.8923134664,10,3.5080078332
0,332,8.9197744527,10,2.7728270523
0,0,8.6875369491,10,3.9018087727
0,0,7.7618066794,10,2.777724396
3363,336,9.2022989032,9,3.918894299
3231,323,8.483420069,10,3.9173891794
3344,334,7.9637335478,9,2.1082970802
3351,335,8.4870674598,9,3.924856568
3344,334,8.6938489953,9,1.9246618041
3335,333,8.9282864476,10,2.7733095348
0,333,7.7725758868,9,3.2082526398
0,322,8.4853361011,10,3.5026113118
3344,334,8.4829726061,10,2.3318872078
3344,334,8.680180012,10,2.2233542326
3252,325,8.4962811762,10,3.5051614386
3231,323,8.9129607508,10,3.507156128
3116,311,8.9022673196,10,3.2139764299
0,325,8.1966799071,10,2.1057872056
3222,322,8.9108118089,9,2.9575515293
0,333,9.4901003701,9,2.1157926116
3364,336,7.7773498599,10,2.1141758893
0,313,8.4971122974,10,1.0765568718
3313,331,9.2293254213,10,1.7614630489
3121,312,7.7592335633,10,3.2095345141
3222,322,9.2020666751,8,4.436958676
3254,325,9.3429420068,10,3.4248029146
3363,336,8.8126891744,8,3.4934742822
3339,333,8.9094472406,8,3.5088564464
3363,336,9.1813635782,10,2.773491924
3324,332,8.4855062913,10,3.9177061208
3334,333,8.4912290374,9,3.8944495929
3119,311,7.7642088014,10,2.7843782113
3262,326,8.9178246022,10,2.3638837976
3334,333,9.1852843759,10,2.1053148443
0,337,8.5186831384,9,4.4946676592
3261,326,9.210821785,10,3.9193231721
3255,325,7.767943939,10,2.7587499121
3131,313,8.4917658432,10,2.958593966
3363,336,8.504319993,9,4.2910549145
3325,332,7.7979568757,9,2.9757688319
3323,332,8.9184856738,10,2.1184231553
3321,332,9.1939376345,10,2.7962112457
0,325,9.2023593772,10,3.6886806702
0,337,7.9577587754,9,0.828890226
3399,339,7.4736067859,9,3.9183994275
0,332,8.9036593371,9,2.9607489022
0,313,8.4934155334,10,3.4828061097
3328,332,9.2144906431,9,3.4971095483
0,315,9.5270386197,10,2.970134191
0,333,8.5089193224,10,3.4856253534
3329,332,7.4687564733,10,3.9072773113
0,332,8.6705239215,9,3.6868331321
0,0,8.2007737234,10,3.9141278003
3119,311,9.2725753532,10,2.236802116
3323,332,7.7950787944,10,3.920746666
3351,335,8.5033817808,10,3.9183678919
0,332,8.488839156,10,3.5013384182
0,333,8.9227577877,9,1.3520956765
3322,332,8.9206856852,10,2.7805114862
3252,325,8.5000912047,9,2.7615599035
3335,333,8.4914692109,10,2.781986424
3315,331,8.5053954099,10,2.7836217998
3352,335,8.2075404226,9,3.2033790083
3231,323,8.9061013482,10,3.1868718448
0,0,8.1959834795,10,2.9664801768
3332,333,8.4901820163,10,3.4932793181
3363,336,8.7024753002,10,3.493026406
0,0,8.9227418258,10,2.7810981087
3323,332,8.5150386695,9,2.0270302931
3259,325,8.2134034106,10,3.4720132386
0,333,8.890096847,10,3.9331905098
0,313,7.6311672221,9,1.3298895842
3363,336,8.519352457,10,3.4960903264
3311,331,9.2138508749,10,3.9078985218
3331,333,8.1984554706,10,3.1946356656
3262,326,9.3577118305,10,3.6656897555
0,333,8.9176612376,10,3.5012862723
3114,311,9.2080017352,9,3.4836901106
0,333,7.1066889486,9,2.7729989734
3364,336,8.4825336667,10,3.4963736036
3261,326,9.2232023526,10,3.4929669996
3329,332,8.5073413477,10,2.9760339276
3345,334,8.9137634719,9,3.4893675592
3334,333,7.1094415198,10,2.7692458277
3332,333,8.9027337167,9,2.7805057473
3391,339,8.9242318412,9,3.9091189219
0,337,9.6211060036,10,1.3663936895
3222,322,8.6753759791,10,4.4175258586
3353,335,6.6906779072,10,1.0804019942
3391,339,9.6301104352,10,3.4991964612
3372,337,8.2000487935,10,4.2084424843
3391,339,7.1304829075,7,2.3323891133
3324,332,8.5014809953,10,2.7770051642
3372,337,9.4232458229,10,3.4815643699
3252,325,8.8979474231,10,2.7850141212
0,334,7.9568629855,9,1.8362068988
3311,331,7.7616129047,10,3.4940933224
0,332,8.9001090036,10,2.9650029414
3329,332,7.7946974104,9,4.5930896031
0,334,8.9185608116,9,1.9115787854
3361,336,8.9211250518,9,3.4870989033
3241,324,9.1999027316,10,3.9046678567
0,332,9.6040272105,8,3.486254275
0,333,8.4983779202,9,3.475663118
3371,337,9.2102464832,9,3.910227288
3323,332,7.6117155828,10,2.1262231878
0,331,9.1901768752,10,2.1177970995
3261,326,8.6867946626,10,3.9223451038
3324,332,8.9172167309,10,2.7754882606
3345,334,8.9129957366,10,3.503357386
3336,333,7.7732313646,10,3.4903842264
3252,325,7.9715184803,9,2.4750686616
3321,332,8.8929218416,10,3.4803713747
3339,333,8.9070427223,9,3.5070824157
3324,332,7.7652792566,10,3.4971522235
3329,332,8.4905163129,9,3.9275455247
3351,335,8.7007585308,10,2.7791497031
3272,327,8.8986585139,10,0.8303674305
3352,335,8.2169927572,8,2.7884365013
3273,327,9.2043152499,10,3.2064174483
3321,332,9.2165435604,10,3.5004576364
0,311,8.4841995987,9,3.4792648429
3363,336,9.2151971214,10,2.3282548803
0,325,8.4949028768,10,3.9068721551
3364,336,7.9532165529,8,3.080937252
3261,326,8.5025874448,9,2.4651947043
3114,311,8.9095616613,10,3.1894614225
3359,335,8.9078779752,10,4.2645688185
0,333,8.6875758742,9,1.3278345681
3399,339,8.2100607464,10,2.103377778
0,334,7.3312054903,9,2.9781956667
3329,332,8.497104393,9,2.1104975962
3391,339,8.9274224775,8,2.7589206135
0,334,8.9210594262,9,1.4697413893
3372,337,8.7229319495,10,3.4891138123
3335,333,7.112520616,10,2.5990995501
3391,339,8.8213910409,10,2.7807913837
3272,327,8.493957855,10,1.7004383815
3335,333,8.9093399396,10,4.6202730024
3363,336,9.59408908,10,3.8162249963
3324,332,9.2117913809,10,3.5116440331
3336,333,9.1997499419,10,3.8915655608
,334,8.9078003777,9,2.0936237882
3332,333,8.4923722298,10,3.9221319367
3231,323,9.6044263723,10,4.1778997256
3344,334,8.9121644886,9,3.9141785575
3329,332,8.9112395855,9,2.6120464533
3345,334,7.7738205508,10,2.7638907466
3322,332,8.2007084542,10,1.8411331124
3322,332,8.9079833239,10,2.7778531496
3261,326,8.9020576043,10,3.902368292
3132,313,7.7631601377,9,3.2001237916
,,9.6050132479,10,2.7670366851
3331,333,8.1943589919,9,3.500557057
3339,333,9.1960592458,9,3.9142309775
3273,327,6.6928878449,10,2.116048393
,332,9.2670256639,10,3.1966200539
3329,332,8.9115155806,9,3.5147814469
3261,326,8.4963279222,10,-4.425443933
,332,8.9018063889,9,2.7708219538
3335,333,8.8970760992,10,4.3513848629
3241,324,8.4928988421,10,3.4992635521
3314,331,8.9055173681,10,3.900884499
3149,314,8.4892532225,10,3.4884306929
,333,9.5361326341,9,3.9199136151
3335,333,8.4984190544,10,3.4865070842
3256,325,9.2042621271,10,3.8984594772
3371,337,8.2054169176,10,2.1169340132
3159,315,8.4774569512,10,3.5103409961
3313,331,9.154374151,10,2.7910036623
,332,8.2024085777,10,3.2037428273
3261,326,8.5013079311,9,3.4973680293
3256,325,5.3979434122,9,4.6086721373
,,9.2068893093,9,2.1078794453
3331,333,9.3485357475,10,2.4614946201
3255,325,7.7737053924,10,4.6183258836
3279,327,9.1331619994,10,3.9158353184
3314,331,9.2035176319,10,2.7698886562
3261,326,9.5305443667,8,3.4973175107
3219,321,9.4272352919,10,2.7681332645
3329,332,8.9053423851,9,1.3338540008
3345,334,8.5206818149,9,2.1270060251
3273,327,8.9278923723,10,2.0997586644
3363,336,8.5159683357,9,4.5307784507
,332,8.9949195285,10,4.0236752101
3399,339,8.8895567646,9,1.5365167852
3344,334,8.9145706035,9,2.4557902703
,322,5.3662560075,7,2.6158759051
3262,326,9.2033133122,10,2.1226427278
3391,339,8.4932260626,9,2.1034812205
3279,327,7.7928608765,10,2.6005351395
3251,325,8.7118309034,10,3.9041264383
3363,336,9.5993935775,9,3.9147463382
3256,325,7.7796209614,10,3.9090801088
3315,331,8.4718399446,10,1.6826443293
3363,336,9.2084782032,10,2.7709136695
3323,332,8.9180804722,9,3.9050207064
3221,322,9.6219366452,10,4.5149022994
3221,322,7.7762441423,10,4.529241376
,,8.9102270953,9,2.7899446323
3321,332,7.9511006094,9,3.9053922089
3325,332,8.4863494819,9,3.8922355309
3335,333,9.6304662799,9,2.7524105833
3141,314,7.8010601258,10,2.1096412965
3314,331,8.9151074771,10,3.9168099292
,332,8.8839172519,9,2.9511493559
3353,335,8.9103494532,10,3.4801415784
3339,333,8.5087245541,9,2.9663607492
3352,335,8.9270830145,10,4.6060445551
3332,333,9.6262751714,9,2.7757531921
3366,336,8.9055169383,10,2.7723510293
3329,332,9.1965296584,10,4.6300914317
3371,337,8.2015713593,10,1.8378789697
3345,334,9.2013670369,9,2.1097225833
3332,333,8.9044796162,10,4.2656487442
3261,326,9.4316100377,6,3.9182955884
3331,333,7.1159770223,10,4.6083833738
3323,332,9.597890017,10,2.781342371
3369,336,8.5010743003,10,3.505414664
3379,337,8.9116275128,10,3.492111029
3399,339,7.761229356,10,3.4822891819
3339,333,8.9118509944,9,0.8149061844
,332,8.4898707588,10,2.7741900203
3332,333,8.8983497461,9,2.7701516507
3331,333,7.7805765137,8,3.9003783545
3321,332,8.5104706264,10,1.6893377582
3345,334,8.9072398076,10,3.9033860526
3313,331,9.6094969808,10,-4.558755343
3334,333,9.2092930712,10,3.9090261514
3332,333,8.9230613746,10,3.5097525246
3339,333,7.9708486261,10,2.7809084174
3336,333,7.0988570711,9,2.7743379604
3252,325,8.5071014815,10,3.9097147198
3335,333,8.5077215659,9,2.1065147071
,325,8.507375464,10,3.9083908095
3324,332,9.600615978,10,3.9254761313
3329,332,8.5280640338,8,2.6140743962
3311,331,7.970392547,10,3.5029363459
3118,311,8.0783039289,9,3.4908645685
3329,332,9.6068687473,9,1.3434126093
3261,326,8.4948056421,9,3.7212791398
3272,327,9.4672323704,8,3.4871698719
3371,337,8.2034507214,9,3.9219623265
3371,337,9.6030834647,8,2.5983115677
3315,331,8.8958022711,10,3.4999510228
3132,313,8.9183284797,10,3.9071702069
,,8.4778394134,9,1.6786807334
3339,333,8.1982953004,8,3.4940294585
3321,332,8.9078644211,10,3.927679167
3399,339,7.7650562769,9,2.7891147933
3323,332,8.9126195594,10,3.4931954847
3321,332,8.915204636,10,3.4926299705
,,8.9371596105,9,3.1861691485
3231,323,8.6989454807,10,2.7792878021
3111,311,9.5864187174,10,3.5020109082
3327,332,8.9045264846,9,2.6050776463
3399,339,9.6211038702,10,3.4970376624
3336,333,7.1159501836,10,3.1895794659
3342,334,7.7537425664,10,3.1690354424
3325,332,8.8924489245,9,2.0980892118
3329,332,9.3415254244,10,3.490350849
3321,332,8.9028833203,10,3.9078459306
3323,332,8.5117042725,9,4.6168771553
3231,323,9.605068254,10,4.6182514923
3329,332,8.9119167922,10,2.3537132385
,333,9.2038884898,9,4.6043865952
3363,336,9.1926964041,9,3.4959260401
3353,335,8.1966178433,10,4.6134648923
3344,334,8.910798572,10,3.8919026253
3253,325,9.6238063017,10,3.9081881118
3333,333,7.9730066966,10,2.105106325
3141,314,9.3684709826,10,2.7688588657
3273,327,8.901542956,8,3.8881173503
3339,333,8.2067302535,9,3.2030535047
3321,332,8.5004791007,9,2.786861072
,325,9.2179417745,10,4.2139617425
3336,333,8.9055019667,9,2.7786411247
3353,335,9.3918015251,10,2.1116380403
3326,332,9.2096672408,9,4.6113587463
3212,321,8.4751844374,10,3.9025122644
3271,327,7.6121540917,9,2.9788297943
3256,325,8.1936230315,10,2.7773352963
3363,336,8.9309315748,10,3.5125513108
3252,325,8.9175487704,10,4.6127449264
,332,8.9139587539,10,3.4781066098
3333,333,8.8962371569,10,2.1238045471
3343,334,9.2019739779,8,3.9068265102
3359,335,8.9060441336,9,3.5005048567
3343,334,8.500012716,9,2.1163759496
3321,332,8.9148579495,10,3.9190592463
3335,333,7.6141808895,10,2.1117262016
3336,333,9.4184041988,10,4.176143186
3326,332,8.5052116912,10,2.7837811208
3345,334,8.4934646759,9,3.9016618749
3256,325,8.902284478,10,4.4981408541
,332,8.9262208969,10,2.1005728739
3259,325,8.1938520132,8,2.9674386004
3315,331,9.3914870309,9,3.8933076321
3341,334,8.9035252253,9,2.9734775272
3333,333,9.4416671923,8,2.7757160208
3339,333,8.4816123983,9,2.9734954399
,332,7.762004835,6,3.4859205411
3363,336,9.61940653,10,3.9055412273
3312,331,8.4777955685,9,3.8924978126
3363,336,9.3610362494,10,4.3490930573
3273,327,7.7733284519,10,1.9255952664
3152,315,7.9499037746,10,3.9174096022
3256,325,8.9058407186,10,3.9174927107
3231,323,9.2161050119,10,3.9000125611
3363,336,8.4910828683,9,2.7704084951
3256,325,8.5014154818,10,4.2101523978
3335,333,9.6292091565,10,4.6306143318
3325,332,8.4973013648,7,2.1073367533
3342,334,4.5963526963,9,2.335696222
3321,332,7.1089733968,8,4.0215100928
3321,332,7.7884262522,10,2.1080892845
3335,333,9.6196396958,9,2.1071653672
3321,332,9.6168132924,10,2.7796392384
3345,334,9.2248819245,8,2.4640564205
,332,9.6086085373,9,3.9032614286
,333,9.5683839879,10,4.6216922847
3116,311,9.2058047402,8,3.8985796852
3259,325,9.6120959751,10,4.6167347727
,334,9.1380213788,9,4.56678909
3332,333,8.5110279335,9,2.1144811697
3391,339,7.7761422057,10,3.4724305532
3363,336,9.6071390878,10,3.9203525694
3341,334,9.6034206442,9,3.2142234627
3391,339,8.9165570867,9,3.6858795329
3353,335,9.27387418,10,2.1165838428
3331,333,9.6186594901,10,3.9092388828
3363,336,8.4899525342,10,2.9694445648
3114,311,8.9255667291,9,4.5276720094
3345,334,7.7742022109,10,4.6183012244
3339,333,8.6648229652,8,2.774245886
3261,326,8.9218387063,7,3.490600473
,332,9.6094503875,10,4.1982068123
3329,332,8.9302871265,9,2.7669900733
3329,332,7.7883715689,10,1.6986704446
3399,339,8.20247926,9,2.1196126461
3261,326,8.2050639862,10,2.9695221509
3231,323,8.209645407,10,3.498264384
3273,327,7.7688993193,10,3.9216107194
,332,8.493844507,10,3.5069703974
3315,331,9.2059644482,10,3.5001740696
3221,322,9.5138616787,10,2.7830736207
3261,326,8.9141365249,10,0.4071824062
3323,332,8.9297858828,10,2.7913583606
3323,332,7.1103265186,8,2.7792944792
,311,8.9166101668,10,2.9721170676
3353,335,6.4852960635,10,2.6079968751
3399,339,5.3949036699,10,1.0894842099
3391,339,8.898703467,10,3.9060425199
3391,339,7.774874595,9,2.7721928932
3328,332,8.9053430315,10,3.9324779061
3371,337,7.7798326941,10,4.4275156453
3313,331,8.4975845374,10,3.9260397655
,,8.1795456071,9,3.5023847782
3261,326,8.9080287952,10,4.6164079268
3353,335,9.6303961745,10,3.9179951884
3359,335,9.6031781735,10,4.6209599423
3315,331,8.5668329951,9,2.9471618621
3344,334,9.5978711784,10,2.1279526274
3364,336,8.9154499057,9,4.5905949117
,332,8.942643185,10,3.4898618562
3231,323,8.9074034755,9,3.9244713293
,335,8.908455272,10,4.5214497894
3344,334,8.5037547989,10,1.3498316017
3345,334,7.7819801038,10,3.9090673233
3334,333,7.7450880367,10,2.7871528354
3219,321,8.498074458,10,2.3422527176
,,7.7625327165,9,2.1275248249
3329,332,9.2045783525,9,3.9133900496
3262,326,7.7704903865,10,-3.480305821
3335,333,8.1772703968,9,2.7587020512
3261,326,8.9156143439,10,3.9364227106
3353,335,9.6240831868,10,3.9136634682
3321,332,8.9156598925,10,2.9565299507
3344,334,8.9168564409,9,2.1939588134
3333,333,8.927743272,9,2.7723205655
3362,336,7.7752005308,9,1.3470970612
3311,331,7.7669747464,10,3.9061465206
3399,339,9.6096317789,10,2.7726796709
3324,332,9.2137626241,10,2.311687389
3391,339,8.9236246535,10,0.8238248426
3329,332,7.1111805461,10,2.7651364153
3391,339,8.5000945885,10,3.903087765
3326,332,9.5663612701,10,2.0962643404
3323,332,8.5167920535,7,3.4960855593
3113,311,8.9164665631,10,3.9090198406
3261,326,9.6062299378,10,3.2022672391
3399,339,8.1821287771,9,2.7725505953
3252,325,8.9233253196,10,3.6857234782
,332,8.5164730157,10,2.7813786038
3332,333,8.1908133217,9,3.5150891009
3331,333,8.8522465895,9,3.9202770942
3211,321,8.9066274937,10,1.6690578807
3332,333,9.1477305016,7,3.5083019347
3323,332,7.9826043377,10,3.4965176677
,,8.9240009151,9,2.7712046577
3345,334,8.4860913872,10,2.7609382578
3341,334,7.7784633134,10,3.5028925989
,332,8.8957058969,10,3.5178116239
3399,339,8.0800779966,10,4.5982723754
3315,331,9.2005076078,10,2.7604774819
3313,331,9.5685481582,10,3.9067866166
3345,334,8.4940625599,9,2.9696504624
3328,332,9.2015934175,10,3.9075660711
3323,332,7.6189498315,9,2.1183953016
3331,333,8.2131064508,9,1.3495774644
3321,332,8.9267897612,10,4.522763174
3325,332,8.9084666931,10,3.9246248855
3261,326,9.2005977609,10,3.4644200293
3261,326,8.9078370932,10,3.5086964276
3363,336,9.5973853048,10,4.1995956487
3345,334,8.4803562022,10,4.6183941529
,326,8.9242356917,10,3.4871517204
3255,325,9.1954692838,10,3.9264706018
3345,334,8.9064664187,9,2.9735385192
3359,335,9.1964678271,9,4.0671651388
3253,325,8.9035807358,10,3.8993321129
3262,326,8.9007940517,8,2.771659974
3331,333,7.7578406934,7,1.36490241
3251,325,7.7795156629,10,2.4639216859
,335,8.2117572875,8,2.1174411296
3339,333,8.5055329841,9,2.9733721856
,313,8.9196205802,10,2.7706529394
3334,333,9.4173048001,9,2.6077914273
3315,331,9.6166132528,10,2.7715655359
3261,326,8.8950900488,10,3.9351739279
3279,327,8.4993839488,10,2.9572151329
3222,322,8.8957253447,10,3.9288148165
3327,332,8.4853182658,10,3.9309438791
3399,339,8.4961503635,10,4.6111216324
,332,8.922668816,10,2.7711573318
3231,323,8.9056391521,10,3.9003577509
3261,326,8.4991037234,10,2.7817228106
3346,334,5.8216351876,10,2.1088500521
3352,335,9.1975715874,9,2.6236912095
3363,336,8.9249218242,10,4.0195147736
3323,332,8.9275022722,10,-4.617155047
3253,325,8.8911350742,10,2.1192431634
3334,333,9.2053316865,9,2.0990357807
,325,7.7772047396,10,4.6218073089
3332,333,8.9055926499,10,3.5279775975
3399,339,9.2663324537,9,2.109123729
3321,332,8.4901272472,10,4.591358996
3311,331,8.4964438002,9,3.4865689724
3315,331,9.6213924514,9,1.0700856876
3261,326,8.19713903,10,2.1046425326
3335,333,9.6357367303,10,4.6068375035
3332,333,8.9274307497,10,2.7647339321
3222,322,7.769763724,9,0.0942403536
3331,333,7.7834435768,9,3.8984321236
3261,326,8.9108757542,9,2.7837576641
,335,9.202523485,9,2.7720872044
3339,333,8.9115360968,9,3.9010222619
3344,334,8.9081072107,8,2.7673992733
3323,332,8.5044508213,10,4.0229776967
3322,332,8.3050124979,10,2.223374049
3391,339,7.1078320299,10,2.4685084146
3326,332,8.4868535781,9,3.4980695417
3334,333,9.0181128481,9,1.6908977135
3334,333,8.9041888651,7,3.9102903064
3221,322,6.0413556713,10,2.7584845077
3391,339,7.7712118409,9,1.6972023405
3323,332,9.5580305527,10,2.5962542972
3132,313,8.9080754629,9,2.9475829582
3254,325,7.0968699685,10,3.9077561368
3115,311,8.92512499,10,3.5009532695
3222,322,8.9120632564,9,3.4890709214
3321,332,8.9227537358,10,4.1932582704
3315,331,9.4371971489,10,2.1147184338
3344,334,8.4895938328,10,2.7702080157
3331,333,7.9599666088,7,1.692123124
3331,333,7.9712511282,7,1.7782487083
3121,312,7.7682926053,10,3.5013459065
3323,332,8.9105397463,10,4.6193158531
3231,323,8.1895451987,10,1.3351148159
,311,8.9125954782,10,4.5127030551
3279,327,8.9163846198,9,1.8041334759
3391,339,7.1130773753,9,4.6205554406
3363,336,7.7672542143,10,4.6149885869
3333,333,6.9413712669,9,2.9684238837
,333,7.7728986982,10,3.4908890495
,335,9.2058121298,10,2.5930775373
3261,326,8.4901210695,10,3.4908363012
3371,337,9.0747181169,10,2.1169897479
,336,7.7712156768,10,1.345438737
,335,9.5720462274,10,3.5062616918
3339,333,7.0948134979,9,3.4828472285
3345,334,8.9245452254,7,2.1037914525
3116,311,9.3573933714,9,3.9222030025
3345,334,8.505973452,8,2.1086973491
3313,331,9.0877128905,10,1.2314095168
3221,322,8.9141632679,10,3.9165079128
3353,335,8.8991873857,8,3.1970302545
3363,336,7.1175406818,10,1.3664932619
3149,314,9.224322199,10,2.7511259031
3272,327,8.912350019,10,3.220721999
3351,335,7.9648333963,10,4.1589419038
3363,336,7.968275838,7,2.0024762562
3325,332,7.4561486661,10,3.2109370802
3342,334,8.8944550034,10,3.4987309668
3329,332,8.9115465717,10,3.9150759092
3159,315,8.4945201863,10,-3.353210795
3345,334,8.4814942617,8,2.7873245014
3345,334,8.3265403081,9,2.7798652305
3363,336,8.5050471557,10,-2.116417082
3323,332,7.7102687104,10,4.5211242957
3333,333,8.6863828671,10,4.0637353852
3255,325,8.4988009445,10,2.7619219449
3323,332,8.9018933203,10,3.746771242
3332,333,8.9133914401,10,3.885561795
3254,325,8.4995663709,10,2.6200661841
3343,334,8.1821177435,9,3.485236756
3115,311,8.9167807217,9,4.6190269294
3329,332,7.7450490078,10,3.4837071355
3323,332,9.5975639994,9,2.9553205606
3371,337,9.4379509515,10,3.490832307
3253,325,9.3582451628,10,3.9185525399
3241,324,8.7955835112,10,3.9118613681
3315,331,8.9264159852,9,4.6196013798
3324,332,8.9006836819,10,1.6860769904
,332,8.9032702226,9,2.770886221
3323,332,5.5996581884,9,1.9428861166
3261,326,8.6830508025,8,3.4980887627
3344,334,8.9142703376,9,3.4895828096
3279,327,9.6214804062,8,2.2226589499
3331,333,8.7019538649,10,2.7666620249
3327,332,9.5876437977,10,3.4934849085
3336,333,9.394698671,9,4.2222787639
3323,332,9.1391430363,10,2.7624301278
3315,331,9.4222898318,10,0.4052954181
3339,333,7.9766670902,10,2.1171974428
3344,334,9.6265092404,10,3.8110890539
3262,326,8.9146349021,10,3.9316315836
3261,326,7.1109733042,9,4.608478183
3315,331,8.9054668607,9,4.587422711
3391,339,7.1139144856,8,2.7696410635
3399,339,8.9248945852,9,2.7713288479
3259,325,8.683712238,10,3.3843618178
3254,325,7.6099317055,9,2.4554374138
3345,334,8.5066957456,10,3.4783369953
3261,326,9.2141287009,10,2.4644933889
3321,332,9.1977138543,9,4.6042631334
3254,325,9.2065381071,10,3.9156229059
3315,331,8.611938481,10,2.5710472495
3324,332,8.500038621,10,2.7449304546
3279,327,7.8396297693,10,3.5142563734
3391,339,8.688902255,9,1.9472300054
,332,8.6946641782,10,2.9624520405
3255,325,9.3451005208,6,0.0048696232
3339,333,8.9231612188,9,3.9120360055
3345,334,8.9018122696,9,2.962716823
3323,332,8.9117795218,10,3.9166257422
,332,8.7782646796,10,3.6823984014
3362,336,7.9640956696,9,2.9674559861
3335,333,7.7600395987,9,3.9058266619
3327,332,7.772166838,10,2.7662290385
3251,325,9.2085152588,10,4.6280743618
3221,322,9.6123701977,10,3.4908874415
3327,332,9.430355039,9,4.277141347
,333,8.9073679892,10,2.7763332169
3364,336,8.5040086024,9,3.5113504688
3262,326,9.2096257329,10,2.770851675
3363,336,8.4905827645,9,2.7802845059
3344,334,7.7856725273,10,2.7759725789
3132,313,7.7638886563,10,2.1179183474
3116,311,9.5498224635,10,4.2032703186
,332,9.5772863823,9,3.4640336096
,313,9.5705432605,10,2.7663366691
3333,333,9.4213838318,10,2.7744689969
3221,322,8.4962847965,10,3.2125899495
3399,339,9.1942881325,10,4.5263434021
,332,8.9716043506,10,3.9141610409
3222,322,8.922431426,10,1.6863693733
,326,7.7653157347,10,2.7563368071
3259,325,8.9088624126,10,3.9079564038
3159,315,8.7603650305,10,3.4739440725
3261,326,8.9154914338,8,1.2227117989
3279,327,8.4885889909,10,3.9016049424
3335,333,8.5056362986,10,2.9665328492
3363,336,8.1957839685,9,3.9231941331
3329,332,9.1762537504,8,2.3480382569
3399,339,8.6907727528,10,2.953410152
3371,337,9.422205786,10,2.9754108969
3323,332,8.5007052367,9,3.4998107192
3115,311,8.9004896619,9,2.78243407
3333,333,7.7843629692,8,2.964309591
3362,336,9.5708148832,8,0.7381066731
3219,321,9.5938915772,9,2.7756676572
999,999,9.6230990289,9,2.7805450958
3329,332,7.6156375596,10,3.5107056732
999,331,7.7831879245,10,3.5123218858
999,999,8.488347802,10,4.4247491782
999,333,9.1246135981,9,1.1329680131
3133,313,8.5088307653,10,3.5025179703
3323,332,8.9218190018,9,2.9656725535
3221,322,8.1890812011,10,3.9164650832
3261,326,9.535546744,10,3.9168866772
3329,332,8.9030842447,10,2.4603121043
3345,334,8.4957134667,10,2.9743564168
3261,326,8.4908224829,10,3.5165454737
3345,334,8.4781247737,8,2.1016673114
3271,327,8.9153435769,10,2.9697244845
3391,339,7.1194297717,10,3.4903421513
3312,331,7.7586485001,10,3.9197778994
3313,331,8.9240777328,8,2.7752103982
3391,339,8.2037453221,9,4.6143022717
3116,311,8.4948317768,10,4.6142636499
3212,321,7.9684241908,10,3.504121331
3331,333,9.4678504223,9,2.7556304782
3255,325,7.099283451,10,4.5131217638
999,999,8.9220349452,9,3.216190357
3261,326,9.6104896729,10,2.7617081914
3364,336,8.4052090479,9,3.9067061104
3261,326,8.9130938743,8,3.198995711
3323,332,8.4995337037,10,3.9176808268
3335,333,8.4970641697,10,3.5055743249
3253,325,9.6163574694,10,3.9165587543
3311,331,6.3354634217,10,4.6380438507
3342,334,7.5973853325,10,4.2868072182
3339,333,8.4942234886,10,3.1961752769
3353,335,8.9234506977,9,4.6159437192
999,333,8.3198540073,9,3.5609570179
3359,335,8.5079081484,10,3.5191644142
3371,337,7.8463156694,9,3.47587827
3231,323,8.916942086,10,4.5176847821
3329,332,8.9296409674,10,2.7681697072
999,333,8.9205502101,10,2.9682677209
3399,339,9.5888647836,10,3.9075736225
3399,339,8.0919650584,10,3.9179605058
3326,332,6.6894903165,10,4.0759404594
3324,332,8.9218557983,10,3.8819103936
3335,333,8.2039612997,10,3.9197137388
3315,331,8.9112436622,8,3.4965679585
3339,333,7.1210242297,10,2.1038242096
3279,327,8.2009105557,9,4.3405419701
3329,332,8.9179740211,10,4.617087589
999,333,8.9098797419,9,2.110148466
3323,332,8.4985091075,10,3.8949439061
3221,322,7.1181072052,10,3.2019728574
3391,339,7.9730924403,10,2.7618691378
999,311,9.3830706207,10,3.4871448601
3326,332,9.3440081763,9,3.1937630983
3372,337,8.9221265548,9,3.9139248069
3323,332,8.9363067217,10,3.1845217943
3334,333,8.9045881357,9,3.1925600452
3323,332,5.3877468747,10,3.9047346336
3399,339,9.2147616511,10,3.9078213067
3334,333,8.9013180878,10,4.6212510563
3339,333,8.48837961,10,3.4984145575
3159,315,9.6175220594,9,4.617205336
3261,326,8.9173135272,10,3.4909097741
3261,326,8.9118918891,10,2.9651450117
3364,336,9.2114001283,10,2.7671523417
3364,336,8.9185635458,9,3.5004947947
3342,334,8.9199077159,10,2.1117507767
3363,336,8.8149702001,10,3.9060548156
3362,336,8.4934261891,10,2.797068386
3331,333,8.9276769454,8,3.4796673741
3262,326,7.7645639312,9,1.470690154
3323,332,9.427139691,10,3.508164319
3343,334,9.4232003754,8,0.4000434635
3399,339,8.9283697959,10,4.6298236738
3253,325,8.9152814608,9,3.5024887969
3261,326,8.4891355429,10,2.100258611
3116,311,9.4272012113,10,3.2036562038
3312,331,7.7628053363,10,2.1064292607
3327,332,8.3541491708,10,4.1912694789
3255,325,8.910337037,10,3.4973226143
3372,337,8.8859453963,10,3.6901990953
3231,323,8.5011257553,10,4.6137361635
3329,332,9.2121534733,10,4.0015186916
3222,322,8.9081187096,10,2.9746650374
3335,333,9.3481629376,10,3.4961428941
3336,333,9.631894089,10,3.2096256542
3252,325,9.2103315026,10,1.3447198693
3329,332,8.9212494778,9,2.3218068546
3315,331,9.6294519285,10,3.4917901922
3391,339,8.9088267131,10,3.9183966565
3259,325,8.5045323589,9,3.1897244449
3328,332,9.0158517546,8,2.7650397626
999,339,8.9196797986,9,2.760628742
999,333,8.9162098,10,2.7703888861
999,327,8.4877390855,10,2.1137444081
3312,331,8.9000653183,10,2.1147721982
3363,336,8.9027112191,10,1.9154484182
3364,336,9.5118468851,9,3.2009793263
3335,333,7.7731887833,10,3.5071773562
3251,325,9.2047776564,10,4.6226045152
3345,334,8.5054822526,10,2.7558890717
3312,331,9.4270193277,8,3.5058073296
3391,339,8.5100307503,8,2.9801444057
999,333,9.3913062517,10,4.6215930284
3363,336,7.7829783851,10,2.7698290231
3353,335,7.7971529937,9,2.3361510219
3262,326,7.7868020687,9,4.6447004143
3261,326,9.3364438268,10,2.7652371189
3259,325,9.2452950792,10,4.5290391038
3353,335,8.7799521854,9,2.7741434714
3119,311,9.4158778124,8,3.5047226929
3346,334,8.4974095132,10,3.4996580533
3211,321,9.2034308798,10,2.7757572548
3279,327,8.2131508827,10,3.9139426978
3321,332,9.1852758407,10,4.6191383606
999,333,9.2082984838,9,3.2117738488
999,332,8.9169557174,10,3.4895500572
3219,321,8.9098017812,10,3.9077787129
3371,337,6.6763921724,8,1.070408804
3329,332,8.9148914333,9,2.7574628418
3328,332,9.4443263284,10,4.1987146363
3391,339,7.1059281858,8,3.5067059132
3261,326,8.9030313578,10,3.2035237341
3255,325,7.7576988761,10,1.0823695697
3231,323,7.753758119,7,2.7717953102
3323,332,7.1103252855,10,3.9058544626
3334,333,7.9667692142,9,2.2371616259
3328,332,7.7836210761,10,3.9085193651
3391,339,8.4926801139,10,0.0048615478
3324,332,8.509452849,9,4.5240088324
3328,332,8.8953952868,9,4.0679677612
3315,331,8.9232146156,10,3.5045134318
3132,313,8.9172176636,10,2.7614413705
3219,321,7.1099399474,10,2.1294268597
3353,335,8.9135707286,9,4.6267726682
3312,331,7.6016647195,10,3.4983775817
3324,332,8.893673975,9,1.0666355387
3211,321,9.5296517003,10,4.5300925663
3335,333,8.8999318337,10,3.4844190218
3329,332,9.6096325386,9,1.548519628
3391,339,8.1874118188,10,3.1909716591
3329,332,8.9216506017,10,3.4887989429
3333,333,7.7607685191,9,2.7710979532
3332,333,8.9032678304,9,2.1109080157
3329,332,8.1982029128,10,4.5163431559
3325,332,7.778259696,10,4.6228739869
3345,334,9.612037252,10,3.5024775455
3323,332,8.9325204681,10,3.5058044414
3344,334,8.9143614451,10,1.5900454432
3231,323,8.6799609323,10,4.6137883991
3324,332,8.8998788029,9,2.7787567605
3231,323,9.6118255585,10,3.9041430037
3363,336,7.1229418572,10,2.957761331
3371,337,9.3507406459,10,2.7615115823
3256,325,7.7709997654,9,3.9195862545
3352,335,9.6003511728,9,4.6161081054
3391,339,8.201464894,10,2.1083154247
3211,321,8.9130455312,10,3.9182511189
3363,336,8.9291052498,9,3.8971128107
3329,332,8.9093599632,10,3.4752809182
3115,311,8.9242641786,10,2.3330981888
3342,334,9.1439717616,9,2.7739699974
3322,332,7.1293612682,10,4.6344528997
3222,322,8.9230254005,10,3.7787987649
3324,332,7.9887498057,10,2.1007618451
3334,333,8.6688063429,10,2.7731059859
3363,336,8.9123377973,9,3.1890830059
3332,333,9.0283485457,9,4.6123539567
3231,323,8.9083012087,10,4.6068945139
3399,339,7.7722685121,9,4.6034854185
3363,336,7.1106054243,10,2.7779197366
3261,326,8.9119442531,10,3.31374818
3336,333,8.2036526983,8,2.4772101411
3311,331,9.1975077322,9,1.1906622617
3261,326,8.4961239928,10,3.4959726091
3231,323,6.6840836533,10,3.4991787253
3399,339,6.9182088188,10,4.6375235306
3335,333,8.1928737241,10,3.5082200453
3322,332,8.9074382139,10,3.1881099628
3323,332,8.9070312703,10,3.4905712199
3261,326,9.6109575903,10,3.9053200341
3345,334,8.8941267112,9,2.7825990524
3344,334,8.5123289063,9,0.3936287577
3251,325,7.7653051688,10,3.9183375604
3262,326,9.523507036,10,3.1847336788
999,999,8.5022503807,10,1.3640323479
3334,333,8.4969767442,8,-0.006247417
3255,325,8.1862229813,10,3.9058897356
3352,335,8.2132738061,10,3.5000191257
3399,339,7.7729368158,8,2.0115367648
3311,331,9.2676729794,8,3.9091194453
3344,334,9.3890768217,9,3.4977317239
3222,322,9.6384208382,10,3.9113336087
3341,334,8.8914248211,8,3.4880199184
3345,334,8.5018191174,10,4.6185302256
3366,336,7.7635867194,9,2.9698275393
3222,322,9.2000397685,10,3.4776740101
3273,327,8.9065980395,10,1.348072908
999,321,8.9043339656,10,1.8412644309
3256,325,9.209497814,10,3.9085578526
3399,339,8.6841520795,10,3.4884307728
3331,333,8.9200944636,10,2.9689494157
3273,327,8.9121090011,9,2.7722189701
3315,331,8.907926975,10,3.9132587617
3335,333,8.4826255176,9,2.7778086207
3254,325,8.909744133,10,3.4957887145
3259,325,9.2051220552,10,3.9147091353
3261,326,9.209604786,10,3.4772925582
3231,323,8.6905693719,10,2.7570731154
3332,333,7.7901409491,8,2.1351903413
999,333,7.9614355686,10,1.3369996308
3363,336,8.4819321518,10,4.5005264235
3353,335,8.4939400333,10,2.7731020116
3339,333,9.6133620183,9,2.4606827762
3273,327,9.5119924733,10,4.6171848143
3329,332,8.5064491291,8,4.2095030839
3325,332,8.4950783883,9,4.1365843339
3339,333,7.7564009159,10,2.7821420704
999,999,7.099486172,9,2.1145067098
3339,333,8.9110769413,9,2.7687266691
3353,335,8.9064935699,9,3.9220029405
3391,339,7.1090549552,10,2.7749114791
3262,326,8.5082516933,10,3.903383861
3231,323,9.3507155575,10,4.307304434
3261,326,9.366082663,9,3.4998529932
3336,333,9.5062959713,9,4.0337200867
3363,336,8.9017132328,9,3.9253543825
3261,326,8.9062572805,10,3.6838698525
3141,314,8.4970278137,10,3.4983828771
3323,332,9.5094284825,8,2.7528682041
3336,333,9.5654047914,9,2.7616488286
3391,339,8.8993249586,8,3.4962809795
3255,325,8.9184837636,10,3.5224457116
3254,325,7.9645410856,9,4.0291161008
3362,336,8.9196602856,10,0.3901710426
3141,314,8.196165438,10,4.0198418291
3344,334,8.9272841047,9,2.7631960285
3331,333,8.911951828,10,2.7834240261
3334,333,8.920469048,9,3.5127002455
3222,322,8.2080979727,9,2.3378603791
3363,336,6.3491429141,9,2.3219872028
3339,333,8.9878971654,9,2.7742003456
3312,331,8.5157114161,10,2.1059363943
3334,333,9.2009142269,9,3.5251456123
3323,332,8.9007316101,10,1.3449526162
3364,336,7.7970733598,10,2.1115658192
3331,333,9.20345932,10,2.7633047469
3336,333,9.2140259447,10,2.3318965886
3364,336,8.5119676746,10,3.9244901792
3339,333,8.929824462,9,2.1004602998
3255,325,7.1214732757,9,2.1041248376
3364,336,8.1899535187,10,1.3058725868
3359,335,9.4699492949,10,3.202675433
3314,331,9.5788258078,10,2.1034112461
3335,333,7.7773134243,9,4.6315429808
3372,337,8.9046337925,10,3.2103528584
3261,326,9.2085320985,9,2.768296934
3363,336,9.6153350469,10,4.352839636
3371,337,8.9070512,8,3.9106019389
3339,333,8.9209161906,9,2.0995565262
3332,333,8.5035677991,9,-4.590385961
3327,332,8.9193294349,10,3.9141992876
3345,334,7.7717346918,8,2.1097512148
3254,325,8.203083671,8,2.7597442012
3231,323,7.1360290215,10,4.5879749646
3252,325,8.8991529971,9,2.7816705795
3336,333,8.5064331526,10,1.6884421683
3335,333,7.6136962555,10,2.9478392724
3333,333,9.6081243527,10,2.1097052612
3322,332,8.4992467316,9,3.9099294512
3327,332,8.9064776387,10,3.4852992228
3344,334,8.9098610003,9,3.1908476439
3331,333,9.6332706293,9,1.2909066904
999,999,8.9236375518,9,2.1140407171
3256,325,8.9255295628,10,1.3606248778
3353,335,9.3375502975,10,3.1909402277
3363,336,8.8935672375,7,4.511363341
3339,333,8.6759336213,10,3.2059181309
3334,333,8.4951351342,10,3.9926191865
3329,332,9.1964848956,9,2.7805471088
3339,333,8.9154414584,9,3.9051438489
3339,333,8.507199077,10,2.7730813236
3115,311,8.4731502375,9,2.0172563436
3334,333,8.911666995,10,2.7582499543
3399,339,6.3413930225,10,0.3842836324
3256,325,6.6826604681,10,2.114577066
3353,335,9.3863909665,9,3.4885733858
3335,333,7.1254945996,9,1.0804735271
999,332,8.9142974096,10,4.3794799291
3362,336,9.2046904984,9,2.7792798492
3391,339,9.0040171695,8,3.1980031531
3315,331,9.2144230187,9,3.503360865
3321,332,8.5026938661,10,3.973718142
3391,339,8.9085388577,9,2.789698338
3344,334,9.2120965634,10,3.923252193
3336,333,8.9144651446,10,3.4951289038
3353,335,9.527901837,9,3.9064247067
999,337,8.5044647682,10,3.905827315
3333,333,8.513074232,8,0.4038263103
3343,334,8.2144621296,9,3.6768188346
3335,333,9.43619684,8,3.9149206002
999,999,7.7698744899,10,3.5062011768
3254,325,8.4941676649,8,3.5105320274
3334,333,8.9163804303,10,2.773531278
3252,325,8.93008695,9,1.3500582584
3133,313,8.9002730484,10,2.9567401741
3321,332,8.9058696521,8,3.9225090275
3273,327,8.1959460291,10,2.33894157
999,333,8.8922822509,10,4.1987084569
999,333,9.2099724165,9,3.493586304
3336,333,8.2014074608,10,2.6129880167
3344,334,8.2017733555,10,2.7906259055
3261,326,9.4170528049,10,4.6005332273
3353,335,8.8955681563,8,3.491228764
3256,325,7.7789832519,7,4.1890585781
3271,327,9.4388941319,9,2.0982145034
3391,339,8.9282251751,8,3.4856944127
999,311,7.9574507451,10,3.9333540982
999,333,8.3399950729,9,-0.192351226
3321,332,8.9319276408,10,4.6237179931
3391,339,7.7757045219,9,1.3534186423
3321,332,9.6127182583,10,1.6706756076
3315,331,8.8997843019,10,2.7773292739
3261,326,9.6209874957,7,2.4703178816
3262,326,8.8988341868,9,3.5012059675
3363,336,7.7887661542,10,4.2111692462
3314,331,8.9210176344,10,2.0878464981
3339,333,7.7788585274,10,1.1643730288
3343,334,6.4683339561,10,1.2288790905
3339,333,8.3382789732,9,3.193942838
3363,336,8.919973078,9,3.9059915765
3279,327,6.0765090071,8,3.9072256185
3231,323,8.9206678758,10,1.6705799235
3261,326,8.9196879957,10,3.9072006137
3331,333,8.698359195,9,2.78706519
3341,334,7.7902601509,10,1.9184838894
999,333,8.4996608745,9,3.1971764657
3315,331,7.7771624912,9,3.2179990704
3336,333,8.9043588311,10,2.7621761139
3345,334,8.9059255438,8,2.7678717257
3332,333,9.2132053137,10,4.6115028714
3324,332,9.5977534808,10,2.0963526062
3363,336,8.913795876,9,3.4915217615
3363,336,6.3579454511,10,2.7828586205
3116,311,9.4072769826,10,3.9224597168
3339,333,8.4877478875,9,1.7052655832
3221,322,8.2062281053,10,3.4923564214
3339,333,7.7836867304,8,2.1135924048
3364,336,6.3528830157,8,2.7721406962
3339,333,9.6205153295,9,3.4903307815
3231,323,8.4935188033,10,2.3448073646
3256,325,9.3467275609,8,3.2123225808
3363,336,6.6854288111,9,1.92905121
3279,327,9.2090032353,10,3.4868930422
3333,333,8.1986167199,10,2.1123633173
3391,339,8.4991912564,10,4.206445861
3335,333,8.5007388908,8,2.7666278961
3371,337,8.3349217805,10,4.6157572009
3231,323,8.1039789408,10,3.923476051
3339,333,8.6870483608,8,0.8140525671
3331,333,8.1944931068,9,1.9172214413
3261,326,7.9589785569,10,2.770832631
3251,325,8.9179121212,10,3.9244728045
3333,333,8.9241965332,10,2.7713546711
3259,325,9.5576570302,9,3.4991069919
999,999,8.9068248763,10,2.7709638047
3391,339,7.7891131212,7,1.0709336302
3391,339,8.2047868729,8,2.9595002742
3345,334,7.6113712931,10,1.0785988968
3339,333,9.5802986631,9,2.9733728724
3329,332,6.6882034093,10,1.6750417621
3339,333,8.4917243274,7,1.074646378
3335,333,8.9143628803,9,3.494954276
3231,323,7.0103707045,9,3.9292268087
3329,332,7.9804045897,10,3.2063686865
3361,336,8.9169876481,10,3.4910048258
3335,333,9.3877692364,9,3.9080200052
3399,339,9.4241505718,10,3.9152616258
3362,336,9.5967138929,10,2.7694723655
3391,339,8.9183541129,10,2.7874024637
3339,333,8.9191188006,9,3.9119795
3359,335,9.6175152629,10,3.3062884632
3119,311,8.9071331073,10,2.7772323807
3353,335,8.9078213238,10,3.9306946209
3372,337,9.2099005421,10,2.12744131
3222,322,7.7784152273,8,2.7829294858
3329,332,7.982109212,10,3.9113190112
3334,333,7.7717179761,10,3.507011093
3399,339,8.9090284331,10,0.3912156951
3261,326,9.5915280917,10,4.1994968604
3399,339,9.5768053651,10,1.9802468155
3241,324,7.7822774496,10,1.3441108216
3363,336,7.769711996,10,1.3342660005
3329,332,8.1898603652,10,3.4837397709
3344,334,8.9773771183,8,3.4004827969
3353,335,9.2053746447,10,2.1068129891
3332,333,7.7596394189,9,1.7501020099
3364,336,8.9118403082,10,-0.010614915
3114,311,7.4762885398,9,4.3376240829
3372,337,9.1999078062,9,1.689643507
3353,335,9.6006185211,8,3.4866462189
3345,334,8.4811835306,9,4.4183369021
3313,331,7.766110735,10,3.4884110749
999,315,9.4669311847,8,3.3357952404
3345,334,9.2766030261,10,3.4985359756
3259,325,9.6257245385,10,1.6769758052
3231,323,9.3548573292,10,3.5043867762
3333,333,8.6960903855,10,2.2088183812
3329,332,7.7706740376,10,3.4974151553
3369,336,7.3424186478,10,3.9073120726
3363,336,8.9050885312,8,1.363285533
3311,331,7.3299894372,8,3.4869434614
3111,311,7.76869468,10,3.9099987141
3313,331,8.4936211806,10,1.5469700009
3336,333,9.5973829294,10,3.9180763318
3353,335,8.5019238548,10,3.9046320629
3327,332,7.7831833871,9,2.1115618104
3362,336,7.757570647,9,1.0661913299
3363,336,8.1929087487,10,3.4824830871
3255,325,8.8989849435,10,3.8881535487
3332,333,9.1970486758,9,2.1053638408
3334,333,7.0950604031,10,3.9149729508
3112,311,9.424801091,8,2.9850426518
3311,331,8.4917775467,10,4.6138647954
3344,334,8.2024013438,10,2.4488338756
3336,333,8.5062145353,9,2.7711430519
3345,334,7.3515210817,9,0.9567548388
3332,333,9.2122814701,10,3.9055238923
3329,332,9.3443797254,10,3.2025396149
3339,333,9.134347028,8,3.4957843422
3335,333,8.4998812099,9,3.4844226515
3353,335,9.5849802604,8,2.7657858794
3231,323,9.6188930732,10,2.3219738355
3335,333,9.2116701221,10,3.9032300766
3335,333,7.7630569922,10,3.4846020947
3359,335,9.0842754365,9,3.5010296935
3279,327,8.9162812838,10,2.4701843377
3315,331,9.206326409,9,2.969429271
3363,336,8.9150638352,9,1.2354286858
3341,334,9.3470644513,9,2.6055299588
3255,325,8.907666776,9,2.9610904628
3353,335,8.8163615169,9,3.909515557
3313,331,7.9586741118,9,3.9300162298
3118,311,8.9139820947,10,3.9115645156
3333,333,8.5995859089,10,2.9790296639
3121,312,8.4945507762,10,3.9162094614
3313,331,8.9052950928,9,3.1974394941
3334,333,8.9230095443,8,2.7697850485
3334,333,8.9154025218,10,3.6810364446
3339,333,7.7753736773,10,3.9254350813
3352,335,8.9106855925,9,3.4868109743
3344,334,7.7766011342,9,0.4012197165
3391,339,9.2857619901,8,3.6734808223
3323,332,9.626627561,10,3.9093669489
3336,333,9.3477540245,9,3.9217232428
3322,332,9.1783838065,10,4.2175502827
3255,325,9.2268600763,10,1.400497548
3231,323,9.2004773568,10,2.7728402325
3339,333,8.9188293561,10,2.1270071088
3335,333,6.9257758087,9,2.770317152
3363,336,8.5008503728,10,4.2095651197
3345,334,7.7785899993,8,3.6766952221
3345,334,8.7708336819,9,2.7667944902
3371,337,9.2753957701,9,1.6850594167
3314,331,9.1992244942,10,2.1103107396
3272,327,7.7714341279,8,1.6848473796
3323,332,8.9142380018,10,2.114687962
3335,333,7.1203912598,10,2.1034327644
3331,333,8.906394573,9,2.7723103968
3324,332,8.9140785427,9,3.1970668538
3254,325,6.6741771971,9,1.6913590462
3323,332,7.0999454034,9,4.4355362884
3353,335,8.9393254282,10,3.9060835133
3332,333,7.7740216829,9,2.1212303612
3342,334,8.1919367514,10,3.9089419278
3329,332,8.1986424514,10,1.6883155289
3332,333,8.5069052111,10,1.6871982483
999,321,9.4676985595,8,3.1379811196
3372,337,8.2053481924,8,3.9177893461
999,999,8.4850819978,10,2.1246912647
3211,321,9.2641496157,10,3.2096630779
999,999,9.5140192352,10,3.9138726134
3321,332,8.5007811411,8,3.4897655813
3334,333,8.9296468234,10,1.3542785693
3353,335,9.6032958711,9,3.8943145032
3329,332,7.7684740655,10,1.9069941051
3329,332,9.2063360042,10,3.4867444703
999,333,8.9106501878,9,2.9637522608
3341,334,8.8115013151,8,2.768288634
999,333,7.1155751847,9,1.8478804218
3399,339,7.7514498104,8,1.3473764662
3372,337,8.9195337086,10,2.117041224
3326,332,9.214833358,10,3.5070898916
3362,336,7.7711160866,9,3.2077557456
3315,331,9.1410985273,10,2.8756049724
3115,311,8.9338762646,9,2.7733480281
3363,336,8.500696379,10,3.9087665612
3363,336,7.1028224597,10,2.7719669776
3118,311,8.5028502055,9,3.9031520027
3329,332,9.4490597688,10,3.9194685162
3339,333,9.5422991532,10,3.9048931238
3328,332,8.0674781954,10,1.6789503971
3261,326,8.4970628779,10,4.6116683978
3254,325,8.4886006407,9,3.4822568575
3326,332,8.914663686,10,3.9107038408
3314,331,8.9150119312,10,3.9319058816
3344,334,8.9235997723,8,3.4941784294
3312,331,9.2121001151,10,3.1884856161
3364,336,9.2006282631,8,2.3253193396
3279,327,8.4881343046,10,3.9170181419
3399,339,8.1920582147,9,3.5020794538
3315,331,9.6099635577,10,0.9469133866
999,333,8.9253067938,10,4.624943621
3231,323,9.6311625325,10,3.2048306744
3335,333,8.2003935307,10,3.963699498
3346,334,8.9115483016,9,4.5147392483
3325,332,9.5862900824,10,4.2061203664
999,315,8.9130168517,9,4.2108432793
3252,325,8.7029259103,9,3.9094400351
3321,332,9.2104246961,9,2.4717803797
3339,333,9.3335174533,9,3.4933739001
3339,333,7.7773365526,10,2.1304666959
3119,311,7.7611662098,10,3.5066299735
3149,314,9.199965862,10,2.7926664263
3323,332,8.9087665233,10,2.207138796
3331,333,8.9082044444,10,2.7539828074
3111,311,7.6074351809,10,3.4952125023
3325,332,8.2076638392,9,2.4545298487
3321,332,8.509905162,10,2.7847645188
3344,334,7.3349167983,9,1.0816164845
3221,322,9.5119018808,10,2.7828623191
3219,321,9.6047549878,10,1.3311551515
3219,321,9.5985291722,10,3.4958096724
999,999,8.4987124563,8,3.484684958
3241,324,8.498234772,10,2.7698905228
3119,311,9.5709630371,9,2.9500061724
3323,332,7.7665942101,10,3.9138789274
3331,333,9.2033034813,10,2.7407984497
3339,333,7.7738462228,9,4.4171949716
3221,322,6.0775225813,10,2.9669807186
3255,325,7.9617933179,10,4.6107208049
3345,334,7.7673248093,9,2.1055864431
3333,333,8.4913254629,9,3.914869018
3345,334,8.3536896583,10,2.7674234043
3344,334,9.1973382505,10,2.6107340091
3211,321,8.9076189356,10,2.0160167035
3241,324,9.5461532056,10,4.0798656138
999,999,8.5100557181,9,1.6757639267
3344,334,9.4303326054,10,3.9086311449
3322,332,8.9084626377,9,2.7698553555
3363,336,7.7720496407,9,3.3481221421
3331,333,7.7782673474,10,2.1143044793
3345,334,8.92636076,8,3.2056733984
3259,325,9.3404990224,10,2.1119055716
3321,332,8.1949940852,8,3.48178862
3141,314,8.1924776676,10,2.4594380279
3261,326,9.5918102153,10,4.5714851321
3345,334,8.5114392992,8,2.1249688435
3335,333,8.4911910114,9,3.9003286182
3363,336,7.7856718949,9,3.9287137652
3114,311,8.639019457,8,4.424548006
3399,339,8.4933575423,8,1.698985833
3328,332,8.9179534142,10,2.1108960285
3256,325,7.9783378738,8,3.4923719729
3363,336,8.9072303412,9,2.1070273257
999,333,8.5045268898,9,3.9249492348
3114,311,9.5521973079,9,3.9681233456
3315,331,8.9243319076,9,3.9071790874
3345,334,9.209183005,8,2.4637607699
999,333,9.601949461,8,1.6744010766
3363,336,8.9103376405,10,3.8926261237
3323,332,8.2036232195,10,3.4866378533
3271,327,7.1164248306,10,4.6090094648
3335,333,7.7789061059,9,1.7709152488
3335,333,8.215746438,10,2.7852678521
3339,333,8.2014630198,9,3.1939512663
3219,321,9.2135698062,10,2.96514756
3321,332,8.9211737574,9,3.9009433738
3261,326,8.9089773013,10,2.1204621524
3362,336,8.1962823497,8,0.3989597622
3255,325,8.495408611,10,3.190119249
3339,333,7.1293626465,10,3.5139467687
3255,325,7.759068952,10,3.489974756
3323,332,8.9063165355,10,3.9187874157
3149,314,9.3490140093,10,1.8580512016
3329,332,9.2089562617,10,3.4937480232
3342,334,8.8830296443,9,3.2034448395
3361,336,9.2034670343,10,2.7708376084
3323,332,9.3550936718,10,2.7724116191
3119,311,8.9286534942,10,2.7649993877
3221,322,8.9159853563,10,-2.103682138
3362,336,8.9027062687,10,2.7832906895
3391,339,8.1899413954,9,3.9165493362
3323,332,7.7607550029,10,3.929810771
3339,333,9.5090048494,8,4.5980886548
3359,335,8.9021344913,10,3.9043707125
999,333,9.5124776474,9,3.4960200951
3329,332,8.9055777303,10,3.2004229349
3274,327,8.1911756707,9,3.1811749113
3399,339,9.4181028987,7,3.9045263232
3332,333,7.7758706199,10,0.8150759542
3345,334,7.7698974134,10,4.6250904462
3342,334,7.9725376174,8,2.7620607357
3323,332,7.7731392963,10,2.7718647375
999,323,7.7740734349,8,4.5025352289
3115,311,8.8940605122,10,3.5098377514
3259,325,8.9310132881,10,3.91412649
3219,321,8.9085352429,10,1.6773613184
3361,336,9.1969748339,6,2.7632140918
3369,336,8.4744856983,9,2.9501298335
3259,325,8.2141602122,10,2.6130940393
999,333,8.9130881407,10,2.7692459025
3212,321,8.1999421306,10,3.4852659944
3371,337,7.1287971028,10,2.7751076612
3323,332,8.2048974944,10,4.6175940404
3255,325,9.2208951699,10,2.773540173
3391,339,9.1951233751,7,3.4933927089
3326,332,8.8971246152,10,2.7733232306
3221,322,8.487476662,10,3.5011350998
3329,332,8.4856967551,10,0.8208155397
3334,333,8.4982020184,9,3.5027988349
3262,326,9.3566530618,10,3.6820145585
3259,325,8.4757125642,10,3.4902249599
3279,327,6.6685415549,8,2.7755762196
3255,325,8.505387072,9,3.2121811773
3345,334,8.5055838442,10,2.7987818875
3345,334,9.6161161248,10,3.4825307673
3333,333,7.7843701856,9,4.6133204812
3363,336,8.904370685,9,1.6842513917
3334,333,8.5041530023,10,3.4953308785
3345,334,8.9142323113,9,3.9157611548
3364,336,8.9097156924,10,3.1932527706
3315,331,9.5879310961,10,2.8734616184
3315,331,9.2799925211,10,1.8727477929
3323,332,9.1248199378,10,-1.081213152
3327,332,8.201128674,9,3.4882171476
3335,333,7.0150953533,9,3.4947178604
3339,333,9.201182955,7,3.2031965257
3361,336,8.9149770831,10,2.1348193282
3359,335,6.3606278028,10,2.7649674429
3314,331,8.9208091429,8,0.4082157716
3333,333,8.5086493608,9,2.3344292736
3399,339,9.5112227204,10,1.5494759526
3342,334,9.1821496004,9,2.967561407
3361,336,9.384035169,9,3.2079057422
3259,325,9.5123776244,10,2.7927098656
3259,325,7.3373150251,8,4.527678146
3222,322,6.3420519252,8,3.9133880318
3326,332,7.7796659015,9,3.7689719473
3231,323,8.199468783,9,3.1984389656
3271,327,8.5119322289,10,2.1258909465
3339,333,7.7882130447,10,2.1018012576
999,334,8.9279830685,7,1.3332953591
999,334,7.7873972896,10,0.4143766084
3222,322,5.8157204391,10,3.9223806046
3353,335,6.3362384051,10,1.354628982
3314,331,9.5513900258,10,1.3383068501
3212,321,8.4831002531,10,3.4986145711
3212,321,8.9036857088,7,1.9292443362
3252,325,9.2043334026,10,2.9632474287
3252,325,9.6268860688,10,3.49237062
3322,332,8.9154912817,10,4.1933003542
3115,311,8.4830782374,10,4.4286279835
999,333,8.6765639095,9,2.1383516121
3149,314,8.920426442,10,2.1021760254
3254,325,6.0709476065,10,4.6131552882
3352,335,9.2101752518,10,3.9019261536
3353,335,8.9092755443,8,3.4888933264
3344,334,9.3579698615,10,2.6173970066
3344,334,9.6038326608,10,3.194889645
3344,334,8.4855830515,10,3.5075681528
999,334,8.4790932354,9,3.475752058
999,334,9.1958232433,10,2.7663769113
3345,334,8.9052047623,9,2.7792445137
3362,336,8.9076650349,10,3.9164107565
3363,336,7.1099629439,10,3.0531889519
3363,336,7.7895435466,9,2.9604728735
999,333,8.9231363465,9,4.6110252961
3313,331,8.9046915644,9,3.8991108935
3323,332,8.9132444311,10,3.9071568245
3323,332,9.6022959727,9,3.938840222
3253,325,7.1088189151,10,2.771756785
3359,335,9.1926950514,10,3.9035505901
3133,313,8.6810428002,8,3.4813805123
3311,331,8.9251793687,10,2.983435748
3323,332,6.680810319,8,3.8920151313
3272,327,9.4775051536,10,4.2149528407
3341,334,8.9182257113,9,1.7660254857
3371,337,8.1919222512,10,4.4435819681
3363,336,9.359891561,10,4.027305572
3345,334,9.6132505176,10,2.7908790652
3371,337,9.2099853229,9,2.9666326082
3334,333,7.7730648903,10,3.205300336
3339,333,8.3266323151,10,3.2087774987
3339,333,7.9588199396,7,1.329741889
999,334,8.9136394987,9,4.5681584572
3335,333,8.672104937,10,1.3563078505
3323,332,8.9228954985,10,2.1087290728
3222,322,8.9210803302,9,3.9238744672
3329,332,8.6913829514,8,1.6801446827
3328,332,8.1951857664,7,2.7741475354
3231,323,7.2036770407,10,3.9150978941
3335,333,7.1055966475,8,2.7677218953
3279,327,8.9176688203,10,3.5117800099
3251,325,8.909010904,10,3.4963492678
3335,333,7.1168917993,9,2.7721868597
3335,333,7.3379255566,9,4.6003934149
999,333,9.2056144103,10,3.0810828119
3332,333,8.9111442731,9,4.4538404732
3391,339,9.1808759658,9,2.0169690601
3391,339,8.9103088554,9,2.9671017483
3391,339,9.5679706364,10,3.4925140359
3353,335,9.209603958,9,2.1209710402
3329,332,8.1902035364,10,2.7708667377
3323,332,8.4941853968,10,3.5129634957
3328,332,8.6805295357,8,4.3849438389
3321,332,9.4344896538,9,3.9274826548
3321,332,8.9211774536,9,3.9134038628
3371,337,8.9181773059,10,2.3291243287
3342,334,7.9837525146,9,4.6192017116
3315,331,8.9102984887,10,3.3648955858
3331,333,7.7761431756,10,3.4973225849
3391,339,7.776464383,9,3.5059680214
3221,322,6.6875190957,10,1.7429811134
3221,322,8.499361663,10,4.5363585732
3222,322,8.9158469991,9,4.5541878214
3149,314,9.596024653,10,2.7807999788
3256,325,8.9085941528,10,3.2069438795
3332,333,8.2762300745,10,0.0150280574
999,999,7.3343566035,10,2.4608282596
3251,325,7.6003618103,10,2.1343184012
3324,332,9.5567398199,10,3.9177305537
3332,333,8.9026730716,10,3.9200340089
3261,326,8.5029575685,9,3.2001907608
3332,333,6.9299172255,9,2.7886309195
3399,339,8.1977263331,9,2.7781238247
3261,326,8.6755521834,9,2.3329294721
3259,325,8.9077466166,9,2.1098210377
3259,325,8.9218183494,9,2.7804890194
3371,337,8.9136019624,10,2.7682874847
3313,331,8.8948668164,10,3.9009347387
3336,333,8.9169655749,10,3.9203407496
3231,323,7.1171585404,10,4.6072969844
3231,323,7.1009214482,10,3.2009110181
3259,325,9.6005271368,10,0.6199754596
3364,336,9.2609124127,10,4.2148008635
3271,327,7.7799167454,10,2.2302352716
3372,337,7.7918716582,10,3.5095631025
3241,324,9.3402962958,10,3.8993933182
3315,331,8.9120980211,9,2.7519726302
3372,337,8.9231426806,9,2.1151322845
3344,334,7.774876433,9,1.6766691526
3399,339,8.9015251724,10,3.9060976091
3119,311,4.9866887504,10,2.7744138184
3259,325,9.6032736655,8,2.7596781285
3342,334,8.4924789827,9,2.466506666
3332,333,8.9096750116,9,3.9001164175
999,331,7.1095800923,10,2.787436679
3273,327,7.7599524867,10,2.1012727581
999,331,8.1940683255,9,3.5007500065
3312,331,9.0744797595,9,3.9114195332
3329,332,8.9146771692,10,2.9708479231
3372,337,7.7619485984,9,2.8318349554
3113,311,8.9069847892,10,3.8999498796
3256,325,8.9041657303,10,2.9533706531
3353,335,7.1345512354,9,2.9647090193
3339,333,8.5039388495,10,3.9235703162
3339,333,8.4959817434,10,2.7727233203
3261,326,8.5086046844,10,3.4935622941
3324,332,9.6279629158,9,2.1004424207
3333,333,8.9000836947,9,2.7711438144
3219,321,8.4882958826,10,3.917637303
3219,321,8.91575325,10,3.203260015
999,999,8.9013146257,10,4.5158235441
